prefixos24 stride2 1048576
1 0.262414 3995887.000000
2 0.128154 8182138.000000
3 0.091842 11417157.000000
4 0.074760 14025899.000000
5 0.080421 13038631.000000
6 0.075801 13833188.000000
7 0.075475 13893116.000000
8 0.080530 13020948.000000
prefixos32 stride2 1048576
1 0.105180 9969338.000000
2 0.054042 19402954.000000
3 0.044022 23819356.000000
4 0.044135 23758172.000000
5 0.038436 27281390.000000
6 0.037865 27692280.000000
7 0.040061 26174782.000000
8 0.037003 28337418.000000
prefixos24 stride4 1048576
1 0.205070 5113258.500000
2 0.095884 10935937.000000
3 0.074553 14064913.000000
4 0.061713 16991036.000000
5 0.063443 16527839.000000
6 0.061634 17012884.000000
7 0.064145 16346881.000000
8 0.062348 16818128.000000
prefixos32 stride4 1048576
1 0.104589 10025708.000000
2 0.050615 20716626.000000
3 0.042872 24458242.000000
4 0.035875 29228590.000000
5 0.040832 25680254.000000
6 0.038295 27381380.000000
7 0.039134 26794418.000000
8 0.036657 28604826.000000
prefixos24 stride8 1048576
1 0.217528 4820418.000000
2 0.097270 10780089.000000
3 0.077868 13466139.000000
4 0.064213 16329619.000000
5 0.067272 15587056.000000
6 0.066212 15836546.000000
7 0.068925 15213290.000000
8 0.066381 15796271.000000
prefixos32 stride8 1048576
1 0.140972 7438171.000000
2 0.067988 15423051.000000
3 0.056638 18513648.000000
4 0.049371 21238630.000000
5 0.050119 20921818.000000
6 0.050874 20611228.000000
7 0.055884 18763364.000000
8 0.054517 19233934.000000
prefixos24 stride2 4194308
1 1.051311 3989596.000000
2 0.513948 8160951.000000
3 0.373855 11219071.000000
4 0.298588 14047154.000000
5 0.307807 13626436.000000
6 0.287623 14582670.000000
7 0.302898 13847254.000000
8 0.292939 14318035.000000
prefixos32 stride2 4194308
1 0.417397 10048737.000000
2 0.213072 19684920.000000
3 0.170813 24554916.000000
4 0.150622 27846616.000000
5 0.154337 27176346.000000
6 0.145245 28877526.000000
7 0.147543 28427776.000000
8 0.148686 28209104.000000
prefixos24 stride4 4194308
1 0.827820 5066692.000000
2 0.370354 11325129.000000
3 0.299093 14023425.000000
4 0.243039 17257764.000000
5 0.241813 17345230.000000
6 0.240018 17474996.000000
7 0.239513 17511830.000000
8 0.235128 17838430.000000
prefixos32 stride4 4194308
1 0.421024 9962157.000000
2 0.194311 21585586.000000
3 0.168869 24837574.000000
4 0.141038 29738938.000000
5 0.144715 28983182.000000
6 0.146127 28703248.000000
7 0.144809 28964374.000000
8 0.143448 29239248.000000
prefixos24 stride8 4194308
1 0.863880 4855199.500000
2 0.375992 11155319.000000
3 0.303493 13820115.000000
4 0.247774 16927978.000000
5 0.249099 16837896.000000
6 0.246624 17006912.000000
7 0.254590 16474732.000000
8 0.244693 17141098.000000
prefixos32 stride8 4194308
1 0.509468 8232719.000000
2 0.248288 16892902.000000
3 0.208541 20112646.000000
4 0.175246 23933798.000000
5 0.175837 23853344.000000
6 0.174606 24021496.000000
7 0.175356 23918800.000000
8 0.180573 23227806.000000
